$ANSIBLE_VAULT;1.1;AES256
33393263343865383861303838633439313534313639343637663130363232623166363536376137
3531306537353536633962303530613365373539363830370a356366626431313065613065636161
39396330323033366533366466303463653866383738393164306362643534343034396665333765
6338353062646132360a323033396432313664643165346238653130656337663938356438386463
33363162646361633333363563393532363631623839306136646237316666316662373164666665
39376130646138666564373836396166616162613135393133383162613336643437346330343232
32366265353333636430623439636462336361366536663263353230323962373439663133303033
36373566383533346266636562393662306163366566623766613235303731623437623332653735
61353865353461353737336236613635383635336338623835313262373366333362393363303536
37383061353937346233373666326161646565613635663433333733633266396632623932656133
36626165346536626162353737343964356336356638663765323839663963643665383539363063
65363633363266306464303134336530326431396134646263613832353365663537366330363633
35623130366464376533333132363665333432666330656137346264636634623865313935336432
64386530336165346638336266343038336236343334613038303839343965653331623161316365
65396236326138663439343439343664376437383831376338616261633763393530346635613131
36333730393133313363376630346438366630343939643431363161393666666362623832613730
64306230643639393865653338313831333764623864313663623565333834393066393137663261
35663465383631633337616236656165333466623231633832326232396264306537326436653235
38326131393132333466366462636438663834343134393061393738333233663438346139613430
64383630633531373265613162626430336236653134326365316462343961316566343931636637
63666462383032393432663134303435623133613038323530363235316534336437333263616339
37626130353765656333333865643866313062393138386333336639323832356262636236316162
61346331353461383439303431666130373236373165346435373364623062303863643433326565
66346638383564363862383466306438313865633863393835396465323363316564343231363132
3535
